v = cell(2, 50);
u = cell(2, 50);


rng(14175332)

u{2} = 10.1*randn(2,20)+15;
v{2} = -10.1*randn(2,20)-15;
u{3} = 10.1*randn(2,20)+10;
v{3} = -10.1*randn(2,20)-10;

u{4} = 10.1*randn(2,50)+18;
v{4} = -10.1*randn(2,50)-18;

u{2}